"","Date","Long","Lat","Extent","Cer"
"1",1999,24.5944083174136,-30.6385334625264,1137.68,100
"2",1997,18.5559072877887,4.39601827533102,9.97,100
"3",1995,31.2591571792575,-5.79272145275123,138.195,75
"4",1995,15.7844848111729,4.25628030377274,3.87,75
"5",1993,-11.2048933865719,18.157744684576,25.105,75
"6",1990,32.41667,-28.4,1.48,75
"7",1988,32.41667,-28.2,2,75
"8",1987,32.55,-28.11667,98,75
"9",1987,32.41667,-28.4,1.48,100
"10",1986,32.4149233170678,-28.3721587058042,1.32,75
"11",1986,23.67951899714,-2.69308759434963,1356.27,100
"12",1985,32.41667,-28.4,1.48,75
"13",1985,32.41667,-28.38333,3.58,75
"14",1979,36.8446267797858,-1.29633882362045,22.14,50
"15",1979,36.8446267797858,-1.29633882362045,22.14,50
"16",1979,30.8963243511262,29.2589592814419,0.6,50
"17",1977,16.5691223404335,14.273423835274,3212.59,75
"18",1977,29.9447420857486,26.4764984377786,732.32,100
"19",1977,20.3657335294604,8.27217296269523,4865.12,75
"20",1977,1.99624864040679,7.18173249509494,3.36,75
"21",1977,1.99624864040679,7.18173249509494,3.36,75
"22",1977,1.99624864040679,7.18173249509494,3.36,75
"23",1977,1.99624864040679,7.18173249509494,3.36,75
"24",1976,30.8960573381342,29.2585510584857,0.6,75
"25",1976,30.8963243511262,29.2589592814419,0.6,75
"26",1974,39.5728158873702,8.68665780525148,926.69,100
"27",1974,23.4686050994075,-34.0012903631923,0.05062,75
"28",1973,9.463196,4.44024,3.036,100
"29",1973,9.463196,4.44024,3.036,100
"30",1973,9.463196,4.44024,3.036,100
"31",1973,9.0667,4.5333,1083.34,100
"32",1972,9.0667,4.5333,1097.28,100
"33",1972,9.4881,4.7317,3036,50
"34",1971,-11.7895057706372,8.5595049700914,178.92,100
"35",1971,35.909867225489,3.52057670321264,3.26,100
"36",1971,23.67951899714,-2.69308759434963,1356.27,100
"37",1971,9.27735412161009,5.02143749783707,169.51,75
"38",1971,9.27735412161009,5.02143749783707,169.51,75
"39",1971,9.27735412161009,5.02143749783707,169.51,75
"40",1969,37.8036734329895,6.18459372147654,87.61,100
"41",1969,31.8738156373835,-16.6650076807883,506.14,100
"42",1969,31.8738156373835,-16.6650076807883,506.14,100
"43",1968,9.25553096824116,4.18815820439872,35.76,75
"44",1968,31.8738156373835,-16.6650076807883,506.14,100
"45",1967,32.2523643011119,1.55341888662038,433.33,100
"46",1967,32.2523643011119,1.55341888662038,433.33,100
"47",1967,32.2523643011119,1.55341888662038,433.33,100
"48",1967,32.2523643011119,1.55341888662038,433.33,100
"49",1967,21.8387482110263,-18.363483661354,5.21,75
"50",1967,32.25,-26.91667,1.845,50
"51",1967,32.25,-26.91667,1.845,50
"52",1967,36.075,0.633333,10.95,75
"53",1966,10.1366886359744,3.79651288702,3.42,100
"54",1964,-9.61074311929899,7.06974035034314,18.53,75
"55",1964,-0.349053475874268,5.81982082749919,2.87,100
"56",1963,-11.73636101971,7.95659592395053,5.28,75
"57",1963,-11.73636101971,7.95659592395053,5.28,75
"58",1963,-11.73636101971,7.95659592395053,5.28,50
"59",1963,-11.73636101971,7.95659592395053,5.28,75
"60",1963,-11.73636101971,7.95659592395053,5.28,75
"61",1963,-11.73636101971,7.95659592395053,5.28,75
"62",1962,-1.20439517243727,7.94181967023595,369.22,100
"63",1962,-1.20439517243727,7.94181967023595,369.22,100
"64",1962,-1.20439517243727,7.94181967023595,369.22,100
"65",1962,27.8096183827241,-13.4534312946211,714.01,100
"66",1962,27.8096183827241,-13.4534312946211,714.01,100
"67",1962,27.8096183827241,-13.4534312946211,714.01,100
"68",1962,27.8096183827241,-13.4534312946211,714.01,100
"69",1961,33.4485315009112,-0.737695520431681,298.28,100
"70",1961,-14.2363939887104,14.2442688842477,324.34,100
"71",1961,46.0655437561551,-20.9852725977125,1008.51,100
"72",1961,33.4485315009112,-0.737695520431681,307.34,100
"73",1961,29.50584014949,-6.16719478048475,330.22,100
"74",1961,46.0655437561551,-20.9852725977125,1008.51,100
"75",1961,-0.349053475874268,5.81982082749919,2.87,100
"76",1959,8.81757679103541,5.18168146568485,435.46,100
"77",1958,9.84349316981182,10.3078000190381,1.87,100
"78",1958,37.9645823322984,0.549448185730421,598.62,100
"79",1957,29.8501497288595,9.31899038002737,1009.92,100
"80",1957,29.9601551318269,-19.0231602727879,395.25,100
"81",1957,13.4153934913897,-12.5894317763077,6.35,100
"82",1956,25.9229262890578,-2.94826822001501,5.12,100
"83",1954,32.2523643011119,1.55341888662038,433.33,75
"84",1954,33.4485315009112,-0.737695520431681,294.28,100
"85",1954,-12.5,7.5,0.301,50
"86",1954,-11.5,8.5,0.301,50
"87",1953,29.1883063449161,-5.911662110818,5.93,75
"88",1953,29.190324022958,-5.91205671928885,5.93,75
"89",1953,29.1873142882131,-5.91141037970728,5.93,75
"90",1953,29.1873142882131,-5.91141037970728,5.93,75
"91",1950,29.1873142882131,-5.91141037970728,5.93,75
"92",1950,29.1873142882131,-5.91141037970728,5.93,75
"93",1950,29.1873142882131,-5.91141037970728,5.93,75
"94",1950,29.1873142882131,-5.91141037970728,5.93,75
"95",1950,29.1873142882131,-5.91141037970728,5.93,75
"96",1950,-12.1535853322062,7.31154741847739,43.96,100
"97",1949,32.7261776640256,12.8596054660569,31.75,75
"98",1949,34.5,-12,370.12,100
"99",1949,34.5,-12,370.12,100
"100",1948,35.3536371640818,-15.4250051751543,6.22,75
"101",1948,31.5716901864026,4.86000223267614,7.66,100
"102",1948,31.5716901864026,4.86000223267614,7.66,100
"103",1948,33.9928565057707,18.025255673428,2.9,100
"104",1948,30.198470483748,7.52361121779114,618.41,100
"105",1948,30.198470483748,7.52361121779114,618.41,100
"106",1947,-6.26299435816373,13.4503794217529,2.935,75
"107",1946,31.7675490188581,5.18049088933056,2.89,75
"108",1946,30.198470483748,7.52361121779114,618.41,100
"109",1945,30.198470483748,7.52361121779114,618.41,100
"110",1939,39.733333,-9.883333,9.03325,75
"111",1937,-10.7443962976922,6.29660447871974,10.17,100
"112",1936,37.9645823322984,0.549448185730421,598.62,100
"113",1936,17.6723606810072,-12.1426191781067,834.39,100
"114",1936,17.6723606810072,-12.1426191781067,834.39,100
"115",1935,35.9922673002576,3.70809837193351,1.99,100
"116",1934,7.69969884745297,9.64508007446945,1.04,100
"117",1934,25.1421983610345,2.35650734290165,2443.9,100
"118",1934,-14.2363939887104,14.2442688842477,324.34,100
"119",1934,-14.2363939887104,14.2442688842477,324.34,100
"120",1934,-1.66519282259997,17.790966880064,1161.4,100
"121",1934,-14.2363939887104,14.2442688842477,324.34,100
"122",1934,-1.66519282259997,17.790966880064,1161.4,100
"123",1934,-1.66519282259997,17.790966880064,1161.4,100
"124",1933,8.12008510753735,5.88124904479145,1.63,75
"125",1932,36.0040717073798,3.70794265747746,162.05,75
"126",1932,31.03333,-22.68333,4.54,75
"127",1932,31.3,-22.41667,7.175,50
"128",1931,35.9530193964953,-16.8500427455939,1086.65,100
"129",1931,32.2934438733773,1.55369285849101,433.33,100
"130",1931,47.2330848805181,-17.4080721303332,17.29,75
"131",1931,30.9833163642376,1.78846178450641,97.6,100
"132",1931,-14.7693459474228,13.5363491117307,1.955,75
"133",1931,-14.7693459474228,13.5363491117307,1.955,75
"134",1930,24.5944083174136,-30.6385334625264,1137.68,100
"135",1930,23.7820159568321,-22.25662859876,605.74,100
"136",1930,23.7820159568321,-22.25662859876,605.74,100
"137",1930,23.7820159568321,-22.25662859876,605.74,100
"138",1930,33.95,-9.55,4.85056,75
"139",1929,-14.0520419412703,13.4989072300769,28.08,75
"140",1929,32.7920350428206,0.00577943414902287,5.82,100
"141",1928,31.8738156373835,-16.6650076807883,506.14,100
"142",1927,29.6827754903375,-4.911124339049,0.9,75
"143",1927,29.6827303435343,-4.91111060699035,0.9,75
"144",1926,35.2536675387721,-14.4856675704574,2.29,100
"145",1926,6.63048532649351,6.66642790111627,0.51,75
"146",1924,46.0655437561551,-20.9852725977125,1008.51,100
"147",1922,31.05,-7.516667,6.30541,75
"148",1920,29.9447420857486,26.4764984377786,732.32,100
"149",1919,29.1873142882131,-5.91141037970728,5.93,75
"150",1915,44.92372,-19.72623,2.412,75
"151",1915,44.87849,-20.68594,40.592,50
"152",1915,44.87849,-20.68594,40.592,50
"153",1915,46.82967,-16.94852,1.997,75
"154",1913,3.53758010091297,15.4973639148486,2191.37,75
"155",1912,46.0655437561551,-20.9852725977125,1008.51,100
"156",1911,30.8963243511262,29.2589592814419,0.6,75
"157",1911,31.95,-25.43333,9.15,75
"158",1911,31.95,-25.43333,9.15,75
"159",1911,31.95,-25.43333,9.15,75
"160",1911,31.95,-25.43333,9.15,75
"161",1910,32.2523643011119,1.55341888662038,433.33,75
"162",1910,32.2523643011119,1.55341888662038,433.33,100
"163",1910,31.3972,2.9694,1.33,75
"164",1910,31.4,2.97,1.33,75
"165",1909,44.0015391867253,9.00074543300549,2100.19,75
"166",1909,38.04622,-3.02086,62.9173,75
"167",1909,29.9447420857486,26.4764984377786,732.32,100
"168",1908,-9.32747562101103,6.28397984098522,283.64,100
"169",1908,30.6461279586471,-28.9190812237504,319.31,75
"170",1907,14.452896462788,13.1342158961248,37.9,100
"171",1906,14.452896462788,13.1342158961248,37.9,100
"172",1906,32.866825,-26.9016,1.34,50
"173",1906,46.7261594984146,-16.0642703630935,1.755,75
"174",1905,32.866825,-26.9016,1.34,50
"175",1904,37.1583515235411,-0.71141580776386,0.7,75
"176",1904,-0.188318364650814,5.60521206102275,8.88,100
"177",1903,-1.33333,7.96667,397.603,100
"178",1902,1.53639131608594,17.8389879321332,1192.38,100
"179",1901,32.2523643011119,1.55341888662038,433.33,100
"180",1900,31.0279150313045,9.2800062693293,5.75,100
"181",1900,30.198470483748,7.52361121779114,618.41,100
"182",1900,-9.41667,6.46667,317.607,100
"183",1899,9.69859153864995,17.4779981169545,997.79,100
"184",1899,45.3214,-19.26482,66.567,50
"185",1898,23.67951899714,-2.69308759434963,1356.27,100
"186",1897,31.3689695017032,21.8005800622534,5.91,100
"187",1897,34.3758013839911,-13.5783707053942,411.57,100
"188",1897,34.3758013839911,-13.5783707053942,411.57,100
"189",1897,-10.65,6.4906,0.63,75
"190",1897,-10.65,6.4906,0.63,75
"191",1897,-10.65,6.4906,0.63,75
"192",1897,-10.65,6.4906,0.63,75
"193",1897,-10.65,6.4906,0.63,100
"194",1897,-10.65,6.4906,0.63,100
"195",1897,-10.65,6.4906,0.63,75
"196",1894,46.0655437561551,-20.9852725977125,1008.51,100
"197",1886,23.67951899714,-2.69308759434963,1356.27,100
"198",1885,-3.31033978606305,5.13776806846934,4.41,75
"199",1885,31.8738156373835,-16.6650076807883,506.14,100
"200",1885,-3.31033978606305,5.13776806846934,4.41,75
"201",1885,-3.31033978606305,5.13776806846934,4.41,75
"202",1882,46.0655437561551,-20.9852725977125,1008.51,100
"203",1876,46.0655437561551,-20.9852725977125,1008.51,100
"204",1876,55.4636612340983,-4.63419290656915,16.72,75
"205",1874,46.0655437561551,-20.9852725977125,1008.51,100
"206",1871,29.9447420857486,26.4764984377786,732.32,100
"207",1870,1.03376333204392,8.68387511443106,302.83,75
"208",1865,33.0835377749546,19.5466013896802,2100.19,75
"209",1865,13.0842595929813,14.7700001663396,2191.37,75
"210",1865,33.0835377749546,19.5466013896802,2100.19,100
"211",1865,3.53758010091297,15.4973639148486,2191.37,75
"212",1865,3.37535063084415,6.52284682828159,4.7,75
"213",1864,33.6064780127675,-16.1327542226868,6.55,100
"214",1864,15.5942156576863,-9.65015000955219,5.08,100
"215",1864,-2.29659972628971,15.1096782435315,1762.09,75
"216",1864,3.53758010091297,15.4973639148486,2191.37,75
"217",1863,51.2536823660088,-21.2294243049858,546,75
"218",1862,33.0835377749546,19.5466013896802,2100.19,75
"219",1862,30.97307940499,-29.8624164678566,10.47,75
"220",1862,8.31882823621367,4.96309935931497,1.04,75
"221",1862,8.31921447431042,4.96185947945951,806.17,100
"222",1862,8.31878532086959,4.96177397041809,0.91,100
"223",1860,-14.2363939887104,14.2442688842477,324.34,100
"224",1860,-14.2363939887104,14.2442688842477,324.34,100
"225",1855,46.0655437561551,-20.9852725977125,1008.51,100
"226",1851,29.9447420857486,26.4764984377786,732.32,100
"227",1850,32.715967046854,26.1557582392421,0.93,100
"228",1845,23.0024522877402,6.35440139900947,4865.12,75
"229",1845,24.5944083174136,-30.6385334625264,1137.68,100
"230",1844,16.5691223404335,14.273423835274,3212.59,75
"231",1840,24.5944083174136,-30.6385334625264,1137.68,100
"232",1835,39.5728158873702,8.68665780525148,926.69,100
"233",1832,40.338031,9.071802,825.839,50
